[gd_scene load_steps=2 format=3 uid="uid://mwrhfo10n7ws"]

[ext_resource type="PackedScene" uid="uid://dkj8ntvd71p8c" path="res://Merge Assets/From other project/ship.tscn" id="1_1emyv"]

[node name="SpaceShipCrashed" type="StaticBody3D"]

[node name="CollisionPolygon3D" type="CollisionPolygon3D" parent="."]
transform = Transform3D(0.946131, 0.0545711, 0.319153, 0.323785, -0.159462, -0.932596, -3.72529e-09, 0.985695, -0.168541, -1.49382, 1.28013, 0.252811)
depth = 5.0
polygon = PackedVector2Array(-0.989078, 1.49877, -0.926825, 1.66774, 0.451619, 4.56692, 0.727307, 4.727, 1.47434, 4.5936, 2.15911, 4.24677, 2.3014, 3.97108, 1.66109, 0.742851, 1.63441, 0.62724, 2.47223, 0.243278, 2.70345, -0.405925, 4.57911, -1.96151, 4.65025, -2.24609, 4.81922, -2.29945, 4.69472, -2.65518, 1.86669, -1.73028, 1.32128, -2.20393, 0.832151, -2.05275, 0.529783, -3.03989, -2.25378, -2.14168, -1.91584, -1.16343, -2.39608, -0.994457, -2.57394, -0.274108, -5.38779, 0.639175, -5.28107, 0.994902, -5.12099, 0.923757, -4.90755, 1.1283, -2.47082, 1.27948, -1.90166, 1.66189)

[node name="Ship" parent="." instance=ExtResource("1_1emyv")]
transform = Transform3D(0.946131, 0.0545711, 0.319153, 0.323785, -0.159462, -0.932596, -3.72529e-09, 0.985695, -0.168541, -0.47873, 1.39889, 0.252811)

[node name="SpaceShipCrashed" parent="Ship" index="0"]
transform = Transform3D(0.862114, 0.506449, -0.0164541, -0.0774703, 0.163827, 0.983443, 0.500758, -0.846564, 0.180472, -1.0672, -0.151611, 0.91699)

[editable path="Ship"]
