[gd_scene load_steps=13 format=3 uid="uid://b2xr28r77qiug"]

[ext_resource type="Script" path="res://Levels/Pre-Alpha/pre_alpha.gd" id="1_1b5qn"]
[ext_resource type="PackedScene" uid="uid://daxcj2wau0q4c" path="res://UI/pause_menu.tscn" id="2_bo550"]
[ext_resource type="PackedScene" uid="uid://b5pxkpv2qnha5" path="res://Other/Scenes/skybox.tscn" id="3_wmexs"]
[ext_resource type="PackedScene" uid="uid://orvopfwdvrfy" path="res://Player/player.tscn" id="4_usip7"]
[ext_resource type="PackedScene" uid="uid://bklke6nfj1a0q" path="res://Buildings/Forge/forge.tscn" id="5_i5i1t"]
[ext_resource type="PackedScene" uid="uid://dhaeynqrn8bx5" path="res://Buildings/Fortress/fortress.tscn" id="6_6b102"]

[sub_resource type="ProceduralSkyMaterial" id="ProceduralSkyMaterial_ejsy0"]
sky_horizon_color = Color(0.64625, 0.65575, 0.67075, 1)
ground_horizon_color = Color(0.64625, 0.65575, 0.67075, 1)

[sub_resource type="Sky" id="Sky_eegs5"]
sky_material = SubResource("ProceduralSkyMaterial_ejsy0")

[sub_resource type="Environment" id="Environment_nm1w5"]
background_mode = 2
sky = SubResource("Sky_eegs5")
tonemap_mode = 2
glow_enabled = true

[sub_resource type="StyleBoxFlat" id="StyleBoxFlat_4mivx"]
bg_color = Color(0.376471, 0, 0, 1)

[sub_resource type="StyleBoxFlat" id="StyleBoxFlat_ya7h5"]
bg_color = Color(0.360676, 0.00560704, 0.657435, 1)
border_width_left = 2
border_width_top = 2
border_width_right = 2
border_width_bottom = 2
border_color = Color(0, 0, 0, 1)

[sub_resource type="StandardMaterial3D" id="StandardMaterial3D_aabde"]
albedo_color = Color(0.145098, 0.556863, 0.262745, 1)

[node name="World" type="Node3D"]
transform = Transform3D(1, 0, 0, 0, 1, 0, 0, 0, 1, -0.162144, -0.0722611, 0.146532)
script = ExtResource("1_1b5qn")

[node name="DirectionalLight3D" type="DirectionalLight3D" parent="."]
transform = Transform3D(-0.866025, -0.433013, 0.25, 0, 0.5, 0.866025, -0.5, 0.75, -0.433013, 0, 0, 0)
shadow_enabled = true

[node name="WorldEnvironment" type="WorldEnvironment" parent="."]
environment = SubResource("Environment_nm1w5")

[node name="UI" type="Control" parent="."]
layout_mode = 3
anchors_preset = 0
offset_left = 1266.0
offset_top = -8.0
offset_right = 1306.0
offset_bottom = 32.0

[node name="RegenRect" type="ColorRect" parent="UI"]
visible = false
layout_mode = 0
offset_right = 3412.0
offset_bottom = 2283.0
color = Color(0.17139, 0.642574, 0.231583, 0.231373)

[node name="OldHealthBar" type="TextEdit" parent="UI"]
visible = false
layout_mode = 0
offset_left = -1161.0
offset_top = 1035.0
offset_right = -1062.0
offset_bottom = 1070.0
text = "Health: 6/6"

[node name="Regen" type="Timer" parent="UI"]
wait_time = 5.0

[node name="Debug Menu" type="TextEdit" parent="UI"]
visible = false
layout_direction = 1
layout_mode = 1
offset_left = 49.0
offset_top = 8.0
offset_right = 361.0
offset_bottom = 202.0
text = "Debug Menu:
1. Restart Scene
2. Max Health 
3. Min Health
4. Regen Health
5. Forge Lose 1 HP"

[node name="win_lose_text" type="TextEdit" parent="UI"]
visible = false
layout_mode = 0
offset_left = -391.0
offset_top = 495.0
offset_right = -312.0
offset_bottom = 533.0
text = "You Win!"

[node name="CanvasLayer" type="CanvasLayer" parent="UI"]

[node name="HealthBarControl" type="Control" parent="UI/CanvasLayer"]
visible = false
layout_mode = 3
anchors_preset = 2
anchor_top = 1.0
anchor_bottom = 1.0
offset_left = 60.0
offset_top = -117.0
offset_right = 446.0
offset_bottom = -41.0
grow_vertical = 0

[node name="HealthBar" type="ProgressBar" parent="UI/CanvasLayer/HealthBarControl"]
layout_mode = 0
offset_top = 1.0
offset_right = 383.0
offset_bottom = 73.0
theme_override_styles/fill = SubResource("StyleBoxFlat_4mivx")
max_value = 6.0
step = 1.0
show_percentage = false

[node name="ForgeHealthBarControl" type="Control" parent="UI/CanvasLayer"]
layout_mode = 3
anchors_preset = 5
anchor_left = 0.5
anchor_right = 0.5
grow_horizontal = 2

[node name="ForgeHealthBar" type="ProgressBar" parent="UI/CanvasLayer/ForgeHealthBarControl"]
layout_mode = 0
offset_left = -600.0
offset_top = 10.0
offset_right = 600.0
offset_bottom = 40.0
theme_override_styles/fill = SubResource("StyleBoxFlat_ya7h5")
max_value = 30.0
step = 1.0
show_percentage = false

[node name="VersionControl" type="Control" parent="UI/CanvasLayer"]
visible = false
layout_mode = 3
anchors_preset = 0
offset_right = 96.0
offset_bottom = 37.0

[node name="Version" type="TextEdit" parent="UI/CanvasLayer/VersionControl"]
layout_mode = 0
offset_right = 107.0
offset_bottom = 40.0
text = "Pre-Alpha
"

[node name="LogControl" type="Control" parent="UI/CanvasLayer"]
visible = false
layout_mode = 3
anchors_preset = 1
anchor_left = 1.0
anchor_right = 1.0
offset_left = -293.0
offset_bottom = 646.0
grow_horizontal = 0

[node name="ConsoleLog" type="TextEdit" parent="UI/CanvasLayer/LogControl"]
layout_mode = 0
offset_left = 3.0
offset_top = 1.0
offset_right = 297.0
offset_bottom = 649.0
text = "Log:
"

[node name="WaveCountControl" type="Control" parent="UI/CanvasLayer"]
visible = false
layout_mode = 3
anchors_preset = 5
anchor_left = 0.5
anchor_right = 0.5
offset_left = -958.0
offset_top = 267.0
offset_right = -714.0
offset_bottom = 382.0
grow_horizontal = 2

[node name="WaveInfo" type="TextEdit" parent="UI/CanvasLayer/WaveCountControl"]
layout_mode = 1
anchors_preset = -1
anchor_right = 0.2
anchor_bottom = 0.2
offset_left = -4.0
offset_right = 165.0
offset_bottom = 55.0
text = "Waves Remaining: 5
Enemies: 0"

[node name="WaveTimerText" type="TextEdit" parent="UI/CanvasLayer/WaveCountControl"]
layout_mode = 0
offset_left = -7.0
offset_top = 76.0
offset_right = 215.0
offset_bottom = 120.0
text = "10 seconds until next wave"

[node name="ColorRect" type="ColorRect" parent="UI"]
visible = false
layout_mode = 0
offset_left = -1263.0
offset_top = 11.0
offset_right = 660.0
offset_bottom = 1094.0
color = Color(1, 0.0392157, 0.145098, 0.231373)

[node name="PauseMenu" parent="UI" instance=ExtResource("2_bo550")]
visible = false
layout_mode = 1
offset_left = -508.0
offset_top = 306.0
offset_right = -402.0
offset_bottom = 418.0
scale = Vector2(3, 3)

[node name="Skybox" parent="UI" instance=ExtResource("3_wmexs")]

[node name="EnemySpawnTimer" type="Timer" parent="."]
wait_time = 30.0
autostart = true

[node name="Map" type="Node3D" parent="."]

[node name="Player" parent="Map" instance=ExtResource("4_usip7")]
transform = Transform3D(1, 0, 0, 0, 1, 0, 0, 0, 1, 0, 1, 28.8781)

[node name="Spawns" type="Node3D" parent="Map"]

[node name="Spawn1" type="Node3D" parent="Map/Spawns"]
transform = Transform3D(1, 0, 0, 0, 1, 0, 0, 0, 1, -59.7471, 0, 0)

[node name="Spawn2" type="Node3D" parent="Map/Spawns"]
transform = Transform3D(1, 0, 0, 0, -0.370444, 0.928855, 0, -0.928855, -0.370444, -66.6082, 0, 14.3414)

[node name="Spawn3" type="Node3D" parent="Map/Spawns"]
transform = Transform3D(1, 0, 0, 0, -0.370444, 0.928855, 0, -0.928855, -0.370444, -62.7858, 0, -4.13781)

[node name="Spawn4" type="Node3D" parent="Map/Spawns"]
transform = Transform3D(0.602665, 0.741221, 0.295612, 0, -0.370444, 0.928855, 0.797994, -0.559788, -0.223254, 1.28798, 0, -60.3241)

[node name="Spawn5" type="Node3D" parent="Map/Spawns"]
transform = Transform3D(0.602665, 0.741221, 0.295612, 0, -0.370444, 0.928855, 0.797994, -0.559788, -0.223254, 14.615, 0, -50.1188)

[node name="Spawn6" type="Node3D" parent="Map/Spawns"]
transform = Transform3D(0.602665, 0.741221, 0.295612, 0, -0.370444, 0.928855, 0.797994, -0.559788, -0.223254, -6.98936, 0, -58.9586)

[node name="Spawn7" type="Node3D" parent="Map/Spawns"]
transform = Transform3D(-0.939519, 0.318129, 0.126876, 0, -0.370444, 0.928855, 0.342496, 0.872677, 0.348039, 62.0106, 0, 12.228)

[node name="Spawn8" type="Node3D" parent="Map/Spawns"]
transform = Transform3D(-0.939519, 0.318129, 0.126876, 0, -0.370444, 0.928855, 0.342496, 0.872677, 0.348039, 66.2562, 0, 16.7571)

[node name="Spawn9" type="Node3D" parent="Map/Spawns"]
transform = Transform3D(-0.939519, 0.318129, 0.126876, 0, -0.370444, 0.928855, 0.342496, 0.872677, 0.348039, 57.3878, 0, -0.467966)

[node name="Spawn10" type="Node3D" parent="Map/Spawns"]
transform = Transform3D(-0.310527, -0.882936, -0.352131, 0, -0.370444, 0.928855, -0.950565, 0.288435, 0.115033, 0.111088, 0, 58.4283)

[node name="Spawn11" type="Node3D" parent="Map/Spawns"]
transform = Transform3D(-0.310527, -0.882936, -0.352131, 0, -0.370444, 0.928855, -0.950565, 0.288435, 0.115033, -11.9825, 0, 62.3506)

[node name="Spawn12" type="Node3D" parent="Map/Spawns"]
transform = Transform3D(-0.351139, -0.869708, -0.346855, -7.08226e-09, -0.370444, 0.928855, -0.936323, 0.326157, 0.130077, 7.58606, 0, 62.3506)

[node name="Forge" parent="Map" instance=ExtResource("5_i5i1t")]
transform = Transform3D(1, 0, 0, 0, 1, 0, 0, 0, 1, -0.072731, 3.8147e-06, -0.541637)

[node name="Floor" type="CSGBox3D" parent="Map"]
transform = Transform3D(1.40979, 0, 0, 0, 1, 0, 0, 0, 1.34003, -0.072731, 3.8147e-06, -0.541637)
material_override = SubResource("StandardMaterial3D_aabde")
use_collision = true
size = Vector3(100, 0.002, 100)

[node name="Simple Fortress" parent="." instance=ExtResource("6_6b102")]

[connection signal="timeout" from="UI/Regen" to="." method="_on_regen_timeout"]
[connection signal="timeout" from="UI/Regen" to="Map/Player" method="_on_regen_timeout"]
[connection signal="timeout" from="EnemySpawnTimer" to="." method="_on_enemy_spawn_timer_timeout"]
[connection signal="player_hit" from="Map/Player" to="." method="_on_player_player_hit"]
[connection signal="forge_hit" from="Map/Forge" to="." method="_on_forge_forge_hit"]
